#vintage
1 5 8 11 12 13 16 21 22 25 29 32 34 35 36 40 41 43 45 46 47 49 53 54 57 58 59 60 66 67 68 70 72 73 76 77 78 80 83 85 86 89 90 92 93 94 96 97 100 102 104 106 107 110 111 113 114 115 117 118 119 122 125 127 131 134 135 136 141 145 147 149 153 159 161 162 164 165 167 169 173 175 177 178 183 185 186 188 190 192 195 196 216 219 231 236 238 240 248 254
#clear
1 4 5 8 10 12 13 19 21 22 25 28 29 32 33 34 35 38 40 41 43 46 47 49 52 57 58 60 61 64 66 68 70 72 73 76 78 80 83 85 86 87 88 89 90 92 94 96 97 100 104 106 110 113 114 115 117 118 119 122 125 127 131 134 136 141 145 147 152 153 154 159 162 164 165 167 173 175 177 178 180 183 185 186 188 189 190 192 196 197 210 216 219 229 231 238 246 248 254 267
#teamcolor
1 2 3 8 10 11 12 13 14 22 24 25 28 29 30 32 34 35 36 38 40 41 42 43 46 47 49 51 53 54 57 58 59 60 62 64 66 68 70 71 74 76 79 80 81 82 86 88 89 90 91 92 94 96 97 102 104 106 107 110 114 115 117 118 119 121 122 123 125 127 131 132 134 135 136 138 145 147 149 152 153 154 155 159 162 164 167 169 172 175 177 178 180 185 186 188 190 192 196 238
#playernumber
2 3 5 11 12 14 16 19 20 21 22 25 28 29 35 36 37 38 40 42 43 47 49 53 54 57 58 59 63 65 67 68 71 72 73 74 76 79 81 82 85 87 88 89 90 91 92 94 96 97 100 104 107 110 111 112 113 115 117 119 120 122 125 127 131 134 135 136 137 145 147 150 151 152 153 154 161 162 163 165 167 174 175 177 178 180 182 183 185 188 189 192 196 199 210 211 219 238 246 259
#truephoto
1 4 8 10 11 12 13 16 21 22 25 29 30 32 34 35 36 38 39 40 41 43 46 47 49 53 54 57 58 60 62 65 66 67 68 70 72 76 77 78 80 83 85 86 88 89 90 92 93 94 96 97 100 104 106 107 110 113 114 115 117 118 119 122 125 126 127 131 132 134 135 136 145 147 149 150 152 153 159 162 164 165 167 169 173 175 177 178 180 183 185 186 188 190 192 196 197 210 216 238
#realone
1 8 12 16 17 19 21 22 25 26 27 28 29 30 31 32 33 34 35 36 37 39 40 45 47 48 49 51 52 53 56 57 58 63 66 68 69 70 74 77 81 83 85 86 87 89 91 94 96 99 101 103 104 105 110 112 113 115 116 117 118 119 120 121 123 124 126 128 131 132 136 138 143 145 146 147 149 151 152 153 154 156 159 160 162 167 170 173 174 176 177 178 180 183 184 185 186 187 188 189 192 194 195 196 197 198 200 202 203 204 206 207 212 216 217 221 222 228 229 230 232 233 240 242 243 245 246 247 249 250 251 253 254 256
#rookierealone
301 302 303 304 305 306 307 308 309 310 311 312 313 314 315 316 317 318 319 320 321 322 323 324 325 326 327 328 329 330 331 332 333 334 335 336 337 338 339 340 341 342 343 344 345 346 348 349 350 351 352 358 360 363 364 365 367 368 370 371 372 373 376 377 379 383 384 385 387 389 391 392 393 395 397 399 400
